%YAML:1.0
---
extrinsicTlc: !!opencv-matrix
   rows: 4
   cols: 4
   dt: d
   data: [ 2.2466188069776561e-02, 2.3768816737154044e-02,
       9.9946501376713015e-01, -7.5915854158501703e-02,
       -9.9960441895365160e-01, 1.7453233555983404e-02,
       2.2054256885539671e-02, 3.0761442771177351e-02,
       -1.6919692726125587e-02, -9.9956511943412496e-01,
       2.4151521871253103e-02, 1.6726666099625875e-01, 0., 0., 0., 1. ]
RollPitchYaw: !!opencv-matrix
   rows: 3
   cols: 1
   dt: d
   data: [ -1.5466389976407471e+00, 1.6920500113805123e-02,
       -1.5483250311360279e+00 ]
txtytz: !!opencv-matrix
   rows: 3
   cols: 1
   dt: d
   data: [ -7.5915854158501703e-02, 3.0761442771177351e-02,
       1.6726666099625875e-01 ]
